48753
48473
48543
48704
48323
63015
48623
48213
48513
48493
48212
48473
48524
48332
48483
48513
48343
48433
48533
48273
48403
48503
48223
48503
48493
48453
61312
67992
48613
48353
48623
48392
48312
48504
48423
48353
48583
49214
48433
48493
48402
49124
48503
48403
48313
48523
65148
48453
48833
48593
48383
48583
48694
48423
48633
48593
48313
48603
48564
48383
48533
48583
48423
48634
48533
48313
63525
48663
48514
48403
48393
48503
48423
48363
48463
48443
48393
60912
48763
48332
48613
48483
48343
48513
48613
48332
63406
48944
48393
48332
48554
48293
48302
48514
48313
48282
48514
48373
48262
48574
48313
48292
48543
48303
48332
48583
64497
62955
48673
48373
48563
48453
48332
48553
48473
48313
48513
48403
48353
48523
48383
48363
48493
48473
48302
48554
64727
48463
48633
48443
58208
48493
48594
48363
48483
48423
48323
48523
48443
48333
50236
48473
48343
48703
48473
48413
63465
48633
48393
48473
48423
59109
48734
48563
48393
48574
52348
48433
48413
48433
48363
48483
48433
48373
48543
48443
65048
48673
48614
48373
48473
48513
48423
48473
48483
48524
48533
48533
48423
48513
48554
48433
48583
48523
48443
48533
60541
67792
48614
48583
48373
48453
48524
48413
48503
48523
48373
48503
48583
48342
48443
48543
48373
48413
48493
48403
62745
48974
48403
48543
48533
48343
48533
48614
48363
48453
48573
48343
48493
48593
48412
48503
48623
48323
48473
48603
48363
60982
48853
48463
48463
48683
48303
48463
48754
48323
48523
48693
48372
48423
48643
48323
48503
48593
48283
48443
48714
80591
48763
48614
48323
49254
48643
48333
48463
48443
48342
48543
48403
48283
48503
48463
48333
48493
48513
48303
48493
60692
62615
48663
48583
48403
48513
48523
48353
48433
48453
48402
48413
48433
48403
48413
48403
48393
48383
48493
48794
62454
48593
48484
48463
48533
48383
48503
48443
48403
48393
48433
48433
48392
48433
48393
48423
48363
48393
48333
48423
61322
48574
49434
48734
48473
48653
48453
48503
48613
48453
48423
48664
48483
48443
48663
48533
48413
48713
48443
48493
61582
48432
48673
48523
48293
48513
48473
48332
48564
48513
48333
48573
48483
49285
48543
48423
48373
48503
48483
48353
48483
61172
65809
48763
48714
48213
48493
48533
48153
49244
48533
50546
48583
48904
48303
48513
48503
48203
48483
48503
48203
61873
48813
48403
48473
48544
48343
48453
48533
48273
48493
48503
48283
48443
48573
48293
48463
48453
49595
48533
49274
62644
48733
48654
48263
48493
48533
48293
48583
48533
48302
48574
48583
48273
48523
48463
48263
48523
48453
48323
48493
61844
48453
48303
48583
48403
48333
48533
48423
48343
48604
48423
48292
48673
48413
48343
48593
48423
48393
48604
48413
48443
61082
62164
48553
48493
48313
48483
48493
48353
48443
48433
48403
48423
48493
48313
48493
48453
48383
48513
48463
48343
68543
48784
48453
48373
48483
48393
48473
48463
48343
48413
48383
48403
48403
48433
48383
48393
48453
48383
48433
48473
60761
48723
48453
48333
48493
48554
48322
48533
48443
48343
48563
48543
48313
48523
48644
48303
48523
48423
48283
48503
61092
48493
48473
48583
48353
48443
48423
48383
48483
48463
48373
48533
49214
48393
48493
48433
48403
48453
48473
48373
48473
74142
48534
48523
48663
48423
48524
48533
48433
48583
48513
48423
48503
48573
48413
48583
48624
48393
48523
48483
48413
62014
48874
48423
48493
48604
48403
48533
48573
48403
48533
48563
48393
48533
48563
48383
48553
48553
48393
48523
48523
61393
48623
48614
48363
48483
48503
48343
48493
48583
48293
50927
264519
49014
48593
48513
48514
73150
48704
48443
48493
48443
48403
48503
48513
48373
48533
48483
48373
48493
48413
48393
48483
48453
98849
48914
91037
49895
48543
48493
48353
48573
48473
48383
48514
48433
48403
48523
48483
48363
48553
48413
48363
48514
48443
64156
48653
48794
48423
48503
48503
48393
48483
48553
48423
48533
48573
48363
48553
48564
48413
48523
48533
48393
48533
48543
60842
48704
48693
48403
48533
48483
48443
48533
48433
48393
48493
48473
48453
48493
48513
48403
48523
48533
48422
48523
60661
48543
48543
48533
48332
48554
48483
48253
48513
48513
48273
48513
48433
48293
48493
48423
48353
48493
48573
48253
120832
48754
48593
48513
48383
48604
48483
48393
48373
48493
48433
48403
48553
48453
48412
48463
48353
48373
48633
75544
48653
48513
48473
58688
48533
48464
48423
48473
48483
48383
48483
48583
48283
48513
48422
48382
48563
48423
48373
61042
48644
48313
48453
48353
48313
48473
48343
48363
48443
48393
48303
48533
48453
48333
48533
48433
48343
48463
49054
62704
49074
48503
48323
48593
48563
48323
48493
48553
48313
48543
48493
48283
48493
48473
48293
48463
48513
48323
48453
60271
78598
55454
48724
48343
48463
48433
48383
48513
48473
51557
48504
48493
48353
48503
48443
48373
48483
48413
48353
75634
48653
48383
48523
48473
48292
48574
48513
48223
48513
48453
48293
48503
48543
48233
48553
48523
48262
48503
48453
61032
48774
48483
48313
48503
48513
48293
48483
48523
48312
48514
48533
48343
48533
48513
48363
48613
48573
48343
48493
60581
48513
48553
48483
48323
48493
48423
48373
48443
48393
48413
48423
48423
48383
48432
48523
48403
48483
48493
48373
48513
61333
62845
48664
48563
48443
48523
48523
48353
50045
48523
48403
48574
48583
48353
48533
48523
48333
48503
48443
48383
61002
48734
48403
48493
48543
48363
48553
48524
48372
48493
48413
48353
48653
48553
48353
48524
48423
48363
48483
48543
60601
48723
48513
48302
48453
48402
48312
48514
48423
48323
48553
48503
48323
48583
48523
48312
48544
48513
48433
48553
61672
48463
48563
48453
48403
48503
48533
48362
48473
48563
48413
48543
48493
48393
48544
48543
48403
48483
48473
48383
48543
61313
62535
48743
48593
48333
48543
48563
48312
48504
48513
48293
48513
48523
48333
48513
48614
48342
48563
49264
48313
63035
48693
48403
48543
48473
48302
48563
48543
48303
48553
48513
48283
48523
48382
48342
48533
48483
48323
48503
49885
60381
48703
48523
48342
48584
48433
48373
48513
48483
48353
50817
48543
48593
48614
48583
48413
48443
48604
48463
48393
61893
48563
48362
48453
48373
48413
48493
48403
48453
48423
48383
48373
48513
49335
48493
48523
48373
48413
48503
48333
48363
75043
48473
48523
48493
48333
48473
48543
48283
48483
48514
48312
48513
48523
