47932
47622
47612
48213
47572
47642
47892
47572
59279
89074
47833
47682
47922
47582
47501
47873
47491
47532
47832
47492
47592
47782
47512
47551
47843
47501
47532
47872
67322
47732
47922
47521
47522
47822
47472
47541
47762
47481
47562
47792
47462
47521
47832
47491
47542
47912
47472
47512
47872
57777
48063
48022
47611
47532
47792
47542
47572
47822
47522
47491
47862
47561
47492
47862
47472
47511
47872
47551
49003
58408
47511
47632
47912
47511
47572
47882
47502
47542
47862
47522
47561
47873
47481
47582
47832
47482
47542
47932
47512
47561
57998
75514
47652
47902
47572
47642
47742
47472
47542
47932
47552
47551
48382
47922
47512
47892
47542
47501
47923
47471
67792
47932
47572
47652
47852
47532
47601
47893
47471
47632
47993
47551
47652
47822
47522
47622
47882
47472
47632
47882
47492
61132
48143
47502
47621
47842
47431
47582
47802
47552
47542
47872
47441
47561
47862
47461
48363
48113
47501
47542
47832
58298
47612
48043
47561
47572
47832
48113
47642
47862
47982
47581
47883
47501
47612
47792
47572
47622
47912
47582
47612
47862
59750
78359
47962
47672
47602
47822
47562
47542
47902
47562
47541
47892
47531
47541
47832
47521
47532
47882
47562
47552
68293
47752
47652
47932
47572
47592
47832
47562
47602
47832
47562
47591
47872
47602
47571
47843
47541
47562
47812
47562
47572
62795
47712
47602
47902
47572
47522
47832
47522
47561
47822
47551
47542
47842
47562
47552
47882
47682
47542
47872
47532
62304
47972
47631
47602
47893
47561
47572
48944
48063
47581
47933
47551
47561
47882
47541
47572
47852
47592
47592
47912
47592
59169
76124
48132
47832
47862
47732
47542
47942
47502
47481
47983
47511
47491
47852
47532
47502
47952
47512
47561
47952
68213
47722
48113
47551
47501
47842
47522
47522
55433
73260
86199
54251
48082
47611
47883
47722
47481
47933
47531
67412
48193
47672
47552
47762
47552
47491
47852
47461
47522
47852
47462
47542
47852
47482
47521
47832
47422
47552
47802
61112
49665
47982
47532
47642
47952
47462
47592
47952
47472
47521
47892
47431
47582
47973
47461
47572
47992
47462
47662
47912
59971
84137
48002
47631
47601
47903
47521
47542
47892
47472
47552
47842
47511
47611
47883
47461
47532
48463
48113
47541
67943
47892
47712
47842
47552
47572
47902
47471
47501
47792
47512
47602
47812
47482
47571
47862
47471
47552
47882
47452
60081
47892
47602
47551
48282
47561
47502
49515
47401
47562
47862
47412
47511
47843
47441
47542
48253
47431
47561
47923
47411
64507
59259
47722
47551
47943
47461
47532
47852
47492
47532
47892
47481
47531
47882
47852
47772
47992
47502
47481
47832
59970
79961
47672
47632
47672
47321
47432
47622
47381
47362
47592
47311
47261
47512
47261
47272
47541
47282
47301
47542
66410
47472
47572
47371
47642
47932
47232
47261
47532
47271
47302
47572
47231
47281
47542
47311
135084
47722
47923
72910
47772
47582
47291
47592
47201
47281
47571
47332
47251
47522
47251
47271
47592
47322
47291
47572
47241
47251
48323
47452
60701
47672
47451
47291
47552
47361
47241
47552
47281
47321
47612
47351
47281
47531
47252
47361
47542
47371
47312
47551
59730
68793
47632
47352
47311
47562
47291
47262
47622
47311
47311
47532
47281
47321
47572
47221
47321
47542
47802
47642
47562
63015
49785
47661
47321
47542
47632
47311
47311
47542
47271
47281
47542
47361
47281
47552
86761
47542
47692
47221
47321
67672
47672
47381
47551
47352
47301
47592
47291
47312
47541
47291
47311
47532
47331
47281
47562
47311
47291
47561
47272
61202
47962
47462
234003
47882
47582
47572
47652
47201
47532
47581
47251
47501
47611
47202
47441
47592
67292
65249
47922
47442
47522
47641
47271
47481
47581
47322
47441
47592
47291
47481
47602
47321
47462
47612
47291
278911
48213
47642
47612
47702
47321
47662
47722
47241
143746
92940
47522
47492
47722
69054
47502
47692
47411
47282
47561
47262
47311
47662
48273
47271
47602
47341
47251
47602
47251
47271
47572
48203
47301
47602
59860
47621
47681
47332
47331
47632
47362
47271
47622
47221
47301
47612
47241
47241
47592
342816
66880
48092
47651
47391
47822
47171
47222
47611
47162
98097
47932
47502
47341
47652
47281
47282
47622
47211
65799
47812
47582
92840
48633
47712
47421
47612
47251
47341
47602
47191
47341
47571
47221
47351
47592
47321
47372
48172
67892
47661
47692
47421
47351
47582
47181
47241
47672
47302
47261
47622
47221
47181
47632
47342
47261
47592
47231
47271
253973
48023
47541
47652
47252
47321
47572
47291
47652
47642
47231
47312
47642
47261
47281
47652
67472
63856
47622
47502
47332
47562
47301
47291
47602
47281
47301
47642
47281
47342
47561
47292
47341
47602
312341
48203
47752
47241
47291
47582
47221
47311
47622
92029
47522
47672
92579
47982
47722
47302
70376
47732
47712
47341
47662
47241
47342
47551
47352
47301
47642
47341
47341
47572
47311
47281
47611
47302
47281
47622
47271
64177
48182
47592
47782
47792
47272
47541
47711
47281
47512
47752
47291
47462
47652
47261
47532
47652
47241
47491
47631
60081
63666
47652
47502
47402
47602
47301
47432
47631
47251
47441
47632
47251
47461
47642
47241
47472
47682
47231
47492
47612
60040
47491
47742
47362
47501
47631
47312
47471
47642
47252
47441
47702
47211
47452
47622
47261
47422
47702
47261
47472
47632
62534
47452
47762
47241
47412
47652
47231
47321
47642
47282
47381
47642
47221
47261
47621
47392
48683
47742
47252
47281
61663
47382
47682
47732
47291
47552
47692
47261
47572
47692
47251
47552
47662
47231
47562
47692
47251
47522
47712
47231
47552
59449
60311
47772
47803
47301
47562
47632
47281
47522
47622
47261
47542
47591
47231
47522
47702
47211
47502
47642
47231
59319
50266
47342
47531
47692
47282
47511
47692
47292
47541
47711
47281
47491
47641
47332
47531
47641
47331
47502
47611
47332
60912
47732
47411
47572
47662
47211
47532
47702
47181
47502
47662
47211
47552
47682
47221
47542
47632
47191
47521
47631
47212
60641
47842
47451
47552
47762
47281
47532
47752
47261
47481
47762
47332
47511
47752
47302
47521
47681
47272
47511
47761
47281
59480
61673
47482
47662
47712
47271
47532
47622
47281
47482
47692
47281
47552
47632
47271
732444
49014
48493
47913
48002
47972
47511
47732
47862
47432
47702
47872
77517
47872
48173
77116
48003
48222
47431
47722
47862
47382
47652
139961
48102
47882
90817
