48684
48723
66880
48854
48493
48693
48593
48443
48573
48674
48433
48563
48713
48403
48653
48673
48463
48654
48593
48413
48634
48633
61322
48854
48893
48643
48633
48704
48653
48633
48653
60231
48724
48573
48433
48563
48463
48443
48563
48533
48383
48553
76145
66430
48813
49074
48373
48603
49144
48363
48643
48843
48403
48593
48863
48523
48603
48773
48403
48584
48773
48403
60542
48824
48673
48233
48603
48594
48262
48653
48623
48283
48623
48583
48633
48563
48523
48242
48513
48543
48233
48523
60291
48704
48753
48433
48534
48653
48453
48573
48603
48423
48593
48634
48423
48543
171348
49014
48784
48333
79479
49264
48824
48503
48643
48594
48433
48503
48543
48393
48513
48593
48403
48543
48674
48383
48493
48523
48413
48543
63185
65228
48753
48693
48453
48553
48684
58808
48753
48734
48323
48583
48513
48393
48604
48583
48353
48553
48493
48353
59600
48503
48383
48563
48363
48333
48533
48393
48323
48543
48413
48333
48553
48453
48993
48693
104167
48624
48623
74793
48684
48643
48483
48383
48564
48493
48373
48543
48483
48353
48523
48544
48423
48543
48503
48383
48633
48494
48393
62083
48903
48443
48543
48573
48393
48563
48654
48383
48453
48513
48413
48553
48564
48363
48583
48643
48383
48463
48524
65378
68463
48643
48403
48673
48473
48373
48543
49926
48373
48563
48473
48363
48563
48503
48372
48653
48503
48373
48533
62995
48623
48643
48484
48352
48553
48443
48363
48543
48503
48363
48543
48693
48353
48553
48523
48393
48594
48533
48864
62193
48793
48514
48463
48553
48453
48293
48543
48463
48333
48634
48433
48293
48683
48473
48373
48604
48463
48483
48613
61072
48443
48833
48473
48473
48534
48443
48393
48603
48453
48393
48573
48453
48373
48563
48463
48383
48573
48433
48433
48563
61773
64347
48944
48393
48633
48463
48323
48583
48503
48433
58738
48684
48453
48503
48653
48392
48573
48663
49565
48583
60812
48564
48593
58538
48534
48603
48593
48403
48554
48663
48874
48523
48603
48423
48554
48553
48363
48503
48553
48403
61573
48863
48553
48403
48663
48453
48383
48574
48473
48403
48703
48473
48363
48604
48453
48393
48613
48463
48443
48604
60641
48703
48583
48383
48604
48433
48373
48533
48373
48423
48553
48463
48363
48833
48604
48563
48643
48573
48372
48583
64217
62424
48713
48863
48453
48544
48563
48443
48643
48563
48433
48563
48603
48454
48583
48543
48443
48604
48533
48443
60912
48563
48453
48844
48814
48453
48503
48533
48423
48523
48603
48433
48553
48513
48413
48453
48543
48433
48543
48543
48423
62574
48924
48423
48574
48583
48393
48573
48574
48403
48573
48703
48383
48594
48643
48423
48594
48773
48373
48543
48634
60862
48433
48714
48453
48373
48573
48433
48323
48513
48443
48362
48583
48543
48283
48713
48473
48413
48643
48463
48423
61333
62604
48593
48703
48463
48413
48433
49665
48894
48553
48443
48493
48574
48543
48473
48543
48553
48473
48563
48473
59770
48803
48583
48543
48613
48673
48513
48693
48513
48574
48683
48543
48574
48603
48543
48553
48673
48483
48513
48634
61833
48693
48713
48463
48443
48473
48534
48413
48543
48523
48523
48543
48473
48543
48523
48473
48543
48533
48463
48493
48523
61593
48663
48864
48663
48523
48654
48633
48503
48644
48623
48493
48614
48553
48453
48603
48664
48443
48673
48614
48473
60952
67161
49164
48723
48463
48533
48503
48413
48523
48604
48443
48613
48543
48413
48634
48543
48453
48573
48744
48433
63336
48523
48413
49014
50166
48383
48583
48493
48333
48523
48403
48383
50987
48634
48373
48653
48503
48433
48544
48483
61503
48713
48634
48413
48573
48493
48473
48524
48583
48413
48533
48493
48483
48593
48603
48443
48654
48683
48433
48583
61963
48564
48593
48483
48403
48543
48423
48463
48513
48623
48403
48524
48823
48413
48594
48573
48453
48603
48624
48393
48523
62394
61662
48773
48694
48383
48613
48604
48403
48613
48673
48413
48573
48673
48383
48583
48693
48393
48603
48524
48373
61953
48674
48503
48483
48553
48534
48493
48483
48443
48443
48583
48514
48493
48763
48433
48574
48653
48463
48463
48704
63185
48744
48773
48403
48613
48613
48453
48554
48513
48423
48593
48533
48422
48583
48513
48463
48754
48553
48413
48534
60321
48523
48613
48613
48353
48613
48573
48373
48503
48553
48373
48533
48513
48343
48503
48554
48393
48443
48603
48363
62124
62465
48864
48613
48664
48673
48563
48674
48633
48603
48633
48663
48544
48633
48643
48604
48613
48623
48514
48603
64087
48623
48714
48373
48503
48603
48353
48534
48613
48393
48553
48523
48302
48504
48413
48383
48473
48443
48413
48533
65689
48473
48633
48603
48363
48634
48533
48373
58768
48543
48513
48463
48483
48453
48503
48493
48443
48453
48463
48473
60872
48623
48433
48654
48583
48383
48543
48573
48392
48593
48503
48343
48553
48513
48392
48573
48663
48393
48533
48493
48322
61492
63385
48713
48603
48633
48433
48563
48754
48393
48633
48543
48403
48533
48543
48373
48583
48603
48362
48573
48633
72159
124247
48813
48483
48543
48533
48423
48613
48504
48423
48613
48513
48403
48573
48483
48403
48593
48533
73411
48343
48824
48433
48202
48663
48433
48273
48533
48433
48724
48623
48403
48213
48523
48673
48253
48543
48463
48243
62214
48633
48423
48513
48554
48463
48603
48493
48393
48654
48533
48383
48593
48523
48484
48653
48473
48363
48613
48523
48373
85408
49765
48933
48724
48383
48563
48533
48383
48593
48513
48413
48613
48544
48413
48593
48583
48403
48584
48523
68343
99009
48774
48553
48433
48514
48473
48493
48523
48503
48474
48543
48423
48543
48613
48513
48493
48563
48493
48393
72480
48663
48613
48543
48363
48583
48563
48383
48673
48554
48342
48553
48523
48393
48613
48463
48362
48583
48433
48373
67862
48783
48373
48523
48553
48343
48593
48493
48293
48643
48523
48313
48533
48513
48353
48583
48533
48303
48554
48443
96325
48623
48793
48403
48593
48534
48403
48693
48603
48453
48613
48603
48433
48654
48493
48383
48603
48483
48484
108613
48824
48483
48343
48624
48463
48413
48633
48453
48373
48654
48503
48343
48623
48453
48373
48594
48413
48383
48583
61633
48604
48533
48413
48523
48443
48383
48483
48413
48402
48593
48553
48433
48623
48523
48443
48523
48523
48443
48544
64998
48663
48644
48563
48373
48523
48543
48332
48523
48533
48373
48563
48523
48403
48564
48533
48393
48563
48523
