47902
47692
47621
47992
47502
47521
47853
71087
47652
47942
47442
47582
47872
47452
47581
47732
47462
47552
47772
47431
47542
47802
47422
47582
47742
47441
47522
47712
62985
47833
48012
47512
47471
47803
47451
47492
47732
47431
47511
47722
47492
47532
47762
47461
47532
47762
47462
47471
59791
91437
48563
84317
52328
47742
70566
70596
93912
48022
47671
47631
47652
47422
47531
47721
557239
48923
48362
47812
47611
47691
93711
50246
48153
47541
67272
48043
47652
47632
47651
47591
47512
47702
47522
47471
47842
47471
47502
47832
47502
48613
47822
47492
47501
47802
47501
98889
47992
47562
47522
47772
47481
47501
47832
47482
47532
47812
47471
47561
47792
47472
47562
47802
47431
47521
59981
74692
52098
48282
47662
47612
47822
47482
47562
47842
47451
47551
47802
50286
47652
91167
47902
47692
47802
65258
48142
48063
47431
47592
47692
47401
47501
47792
47432
47542
47762
47451
47512
47772
47392
47581
47712
47402
47552
47742
60872
47712
47892
47452
47491
47802
47441
47502
47762
47391
47502
47752
47442
47481
47752
47442
47502
47772
47411
47482
47732
60051
47662
47962
47502
47542
47782
47431
47512
47792
47422
47551
47762
47401
47542
47742
47441
47551
47752
47422
47532
59539
73351
53000
48132
47692
47542
47812
47482
47532
47792
47551
47521
47752
47492
47532
148323
48212
47682
67031
47612
47582
47802
47412
47531
47782
47441
47482
47802
47421
47492
47812
47442
47501
47752
47451
47562
47732
47391
47521
59860
47632
47571
47762
47431
47442
47772
47411
47482
47682
47482
58528
47973
47591
47572
47742
141554
47792
66861
47662
47612
47812
47812
47472
47672
47421
47542
47632
47401
47522
47692
47402
47491
47672
47432
47451
47672
47392
47542
59499
84327
47642
48192
47481
47492
47782
47522
47471
47732
47522
47512
47732
47481
47752
48212
47512
47492
47772
47531
73600
47792
47502
49945
47632
47461
47501
47642
47422
47491
47762
58569
47702
48013
47441
48053
47702
47441
47492
47672
60712
47561
47953
47481
47542
47672
47382
47571
47692
47422
47522
47712
47441
49775
47732
47432
47552
47692
47451
57457
48033
60591
47832
48072
47492
47582
47822
47482
47581
47751
47451
47522
47732
47451
47561
47682
47442
47542
48052
47682
47562
59470
68463
62004
47832
47612
47591
47651
47462
47552
47682
47461
47572
47692
47442
47561
47682
47472
47582
47622
47461
69205
47932
47802
47893
47732
47441
47712
47702
47482
47642
47712
47481
99931
95935
48012
47842
48192
47622
47622
67742
47812
47681
47741
47511
47602
47662
47472
47682
47752
47441
47662
47752
47702
47562
47852
47492
47602
47652
47441
62054
47722
47522
47631
47701
47421
47672
47622
47431
47602
55153
47501
47682
47802
47442
47612
48222
47512
47622
47722
47702
92119
51948
47802
47762
47652
47432
47651
47621
98699
95113
48163
47612
47672
47682
47532
47591
47691
67471
47772
48122
47502
47562
47742
47451
47602
47702
47432
47601
47813
47451
47572
47732
47452
47692
97126
47932
47762
69104
48083
47622
47772
47722
47472
47631
47481
47512
47582
47581
47522
47672
47462
47541
47712
47472
47462
48032
47502
59069
47752
47552
58258
48062
47501
47552
47622
47401
47502
47732
85629
47632
48043
47551
47472
47702
47502
47491
47682
65779
86400
53271
48022
47652
47802
47532
47512
47712
47481
47552
47732
49865
47722
47712
47522
47492
47792
47502
47581
68132
47942
47702
47632
47522
47551
47612
47512
47542
47661
47481
47522
47662
47461
47492
47642
47502
47521
47622
47522
61943
47802
47661
47531
47742
47522
47512
47652
47501
47472
47682
47522
47501
47742
47512
47452
47722
47501
47522
47672
47622
61383
48153
47682
47571
47692
47562
47542
47692
47582
47531
47702
47522
47542
47662
47571
47491
47682
47592
47522
47692
47552
59840
77898
48032
47692
47692
47531
47532
47642
47512
47511
47682
47432
47501
47671
47512
47512
47642
47461
47492
98328
47681
47631
47802
47491
47482
47752
47472
47571
47822
47451
47512
47762
47502
47481
47742
47442
47502
47682
47511
47512
61292
47632
47592
47762
259861
48323
48323
47482
47511
47792
47421
47532
47752
47461
47482
47772
69255
47742
47982
47451
47482
47672
47431
47481
47712
47422
47481
47652
47402
47501
47641
47442
47502
47611
47391
47562
61954
62394
66981
47832
47662
47522
47672
47481
47542
47642
47522
47501
47672
47492
99320
48032
47671
47681
68283
47732
47581
47762
47462
47562
48463
47922
47502
47712
47441
47492
47662
47452
47541
47652
47422
47471
47661
47452
47502
60501
47772
47621
47702
47432
47572
47712
47421
47592
47632
47482
47581
47662
49605
47522
106681
48103
47672
47892
67141
47662
47953
47531
47562
47762
47412
47571
47813
47441
47472
47682
47421
47542
47702
47432
47501
58959
47652
47522
47722
61222
197598
49615
47732
47692
47622
47511
47582
47712
47502
47511
47661
47482
47512
47672
47451
47552
68483
47672
47542
47752
47542
47481
47691
47471
48874
48613
47522
47512
47752
47461
47532
47702
47502
47481
47772
47502
47522
60932
47832
47582
47702
47482
47471
47712
47482
47502
47752
47531
47501
47682
49385
48623
47652
47502
47481
47702
47532
59390
47752
47582
47552
47651
47511
47562
47622
47481
47491
47702
47542
47552
47712
47481
47522
146791
48022
47702
68333
78879
106200
48132
47652
47582
47762
47512
47562
47732
47491
47572
47752
47522
47542
47722
47461
47582
47792
81894
47832
48013
47561
47571
47682
47442
47551
47701
47441
47542
47692
47511
47561
47682
47462
47582
47662
47471
47552
61312
47772
47642
47782
47501
47441
47732
47442
47592
47722
47441
47532
47642
47922
48323
102905
47872
47671
47792
67662
47591
47992
47482
47531
47581
47452
47542
47661
47451
47552
47672
47461
47572
47702
47442
47552
47722
47461
47552
47712
60812
78769
48043
47652
47682
47651
47511
47552
47632
47451
47621
47612
49855
47571
95855
47902
47682
47892
47571
78738
47952
47672
47752
47732
47502
47672
47772
47531
47662
47722
47512
47612
47802
47492
47642
47752
47531
47622
47692
60422
47611
47992
47592
47612
47812
47481
47602
47832
47542
47562
47882
47502
47632
47782
47471
95844
47972
47672
47682
77036
47802
47712
47722
47471
47662
47832
47502
47642
47802
47472
47692
47752
47441
158089
48213
47491
47772
98689
47652
47712
47903
47441
47682
47732
47522
47622
47732
47481
47822
47852
47542
47612
47772
47511
47631
47712
