48784
48563
48543
48543
48353
61182
87462
68323
48564
48843
48333
48413
48484
48302
48453
48463
48283
48433
48463
48293
48443
48523
48303
48433
48503
77998
48794
48814
48373
48523
48513
48273
48533
48494
48292
48493
48403
48323
49074
48964
53551
240262
48994
48473
48613
48423
48403
48594
48313
48343
48543
48373
48323
48493
48443
48333
48533
48403
48283
48473
48874
151459
48764
48603
48393
48523
48493
48313
48443
48483
48373
48463
48523
48313
48463
48473
48352
48493
48473
48333
110166
48744
48353
48563
48523
127332
48793
128713
48803
48453
95273
48543
48463
48473
48243
75484
48824
48393
48513
48503
48313
48403
48423
48322
48433
48493
48433
48473
48433
48273
48453
48413
48293
48473
48423
59901
48834
48663
48353
48553
48583
48363
48613
48573
48422
48633
48563
48373
48553
48533
48413
48833
48643
48393
54572
120371
48514
48533
48433
48253
48473
48453
48293
48493
48483
48272
48473
48503
92619
48683
48804
48233
48493
70236
96225
48663
48704
48332
48463
48503
48303
48463
48453
48333
48503
48453
48333
48463
48544
48302
49755
48403
72559
48603
48653
48383
48433
48533
48393
48504
48453
48323
48683
48473
48343
48423
48524
48362
48403
48503
49695
48883
62464
48353
50846
48773
48473
48594
48603
48433
48583
48533
48333
48473
48473
48423
48463
59260
48773
48423
48473
48493
61713
48603
48463
48543
48543
48363
48483
48543
48423
48473
48453
48363
48493
48453
48704
48413
48463
48403
48443
48393
66781
75163
51738
48553
48393
48483
48393
48293
48603
48393
48392
48473
48383
48363
48443
48353
48373
48473
48393
48944
71227
48523
48523
48653
48243
48493
48664
48322
48553
48603
48343
48533
48724
48313
48473
48653
48313
48523
48573
48273
61512
48493
48543
48383
48503
48423
48363
48443
48403
48453
48533
48373
48463
48483
48423
48393
48523
48463
48403
48423
48383
106570
48834
48433
48443
48493
48272
48333
48564
48322
48393
48513
48383
48423
48603
48383
48453
48564
48403
48413
64677
94783
48673
48554
48262
48473
48393
48302
48453
48383
48292
48453
48543
60591
48613
48403
48273
48453
48453
76546
48703
48623
48433
48473
48544
48413
48423
48543
48403
48503
48624
48413
48433
48553
48413
48483
59830
48443
48473
62404
48644
48483
48433
48283
48443
48543
48303
48463
48513
48342
48483
48503
48273
48483
48483
48343
48473
48573
48302
64558
48673
48473
48503
48523
48403
48453
48423
48433
48342
48474
48443
48473
48483
48423
48473
48543
48433
48453
48533
60952
92249
57878
60070
60852
48513
48413
48453
48413
48313
48413
48483
48383
48453
48443
48322
48443
48483
48373
78658
48624
48283
48643
49214
60261
48773
48764
48363
48603
48654
48363
48623
48714
48383
48573
48714
48343
48593
48613
60762
48894
48784
48333
48573
48644
48302
48583
48663
48353
48614
48673
48704
48683
48694
48322
48613
48683
48403
48624
62494
48584
48563
48704
48343
48593
48703
48312
48624
48613
48303
48824
48573
48423
48553
48594
48353
48523
48583
48343
60972
82104
49204
48754
48673
48403
48543
48563
48463
48543
48654
48483
48623
48573
48412
48533
48523
48463
48523
48603
78038
48653
48783
48353
48413
48473
48353
48403
48473
48332
48453
48533
48333
48423
48483
48343
48513
48413
48333
48403
64898
49013
48603
48623
48674
48543
48733
48593
48603
48654
48613
48543
48714
48563
48573
48794
48503
48513
48564
48643
61052
48593
48352
48423
48603
48323
48453
48453
48323
48553
48483
48323
48443
48463
48313
48483
48423
48313
103095
66980
76365
48603
48734
48333
48503
48643
48393
48574
48623
48343
48563
48634
48363
48523
48613
48363
48584
48583
48373
126931
49154
48513
48623
48664
48493
48573
48674
48483
48523
48643
48473
48563
48633
48413
48514
48563
48483
48503
87041
51648
48763
48783
48463
48673
48613
48413
48734
48663
48463
48653
48683
48423
48703
48633
48393
48614
48613
48473
215846
48794
48443
48423
48513
48353
48313
48664
48383
48363
48693
48323
48433
48634
48363
48403
48583
64197
66611
48844
48383
48533
48503
48373
48504
48533
48333
48473
48553
48373
48463
48433
48402
48453
48503
48323
48523
63156
48733
48382
48573
48473
48383
48593
48514
48423
48603
48483
48333
48523
48503
48392
48523
48453
48343
48513
48483
80101
48573
48423
48513
48383
48403
48503
48513
48333
48953
48493
48413
48493
48473
48654
48543
48483
48543
48473
60941
48593
48543
48694
48483
48593
48704
48413
48573
48583
48484
48463
48593
48473
48503
48684
48423
48543
48674
48483
48583
61333
75934
48683
48754
48413
48483
48584
48433
48513
48573
48413
48564
48543
48403
48443
48543
48413
48524
48553
61352
48603
48653
48363
48504
48413
48363
48513
48523
48303
48503
48483
48362
48513
48503
48323
48503
48503
48323
48493
48402
60781
48803
48503
48422
48513
48463
48313
48513
48483
48343
48543
48363
48353
48583
48513
48322
48534
48583
48363
48533
63055
48533
48633
48604
48333
48513
48593
48353
48543
48494
48383
48503
48583
48333
48483
48574
48353
48593
48563
48383
61293
61743
51357
48693
48533
48333
48523
48494
48383
48573
48473
48403
48573
48513
48383
48453
48553
48413
48543
48494
66460
48673
48744
48383
48513
48483
48293
48503
48463
48332
48523
48493
48333
48473
48583
48323
48493
48544
48292
48523
48483
60571
48833
48724
48403
48533
48604
48473
48563
48623
48373
48474
48423
48433
48493
48493
48443
48513
48504
48393
48513
64327
48674
48653
48473
48353
48524
48613
48343
48533
48513
48363
59871
48533
48333
48553
48433
48413
48503
48453
48403
62164
70226
48774
48563
48483
48352
48553
48513
48323
48553
48483
48393
48503
48533
48353
48553
48483
48363
48594
51087
61573
48834
48673
48383
48503
48504
48292
48483
48453
48363
48483
48523
48383
48443
48664
48343
48523
48513
48323
48503
61814
48553
48523
48544
48363
48523
48553
48383
48573
48473
60220
48763
48493
48333
48453
48383
48353
48543
48513
48273
61503
48523
48373
48533
48674
48383
48573
48714
48313
48513
48683
48343
48503
48643
48303
48473
48623
48373
48513
48813
60220
61894
48733
48483
48563
48563
48483
48483
48703
48463
48533
49525
48463
48563
48623
48413
48553
48483
48453
48483
48493
62995
48614
48703
48333
48513
48524
48363
48513
48603
48363
48463
48584
58297
48683
48504
48132
48554
48423
48192
48594
62123
51056
48413
48653
48533
48343
48563
48483
48343
48613
48463
48313
48483
