47802
47612
47792
47862
47501
47652
47622
47392
58598
76726
47852
47722
47882
47491
47772
47772
47531
47692
47732
47492
47702
47822
47522
47722
47802
47452
47682
47782
47461
63887
47912
47602
47672
47772
47472
47692
47782
47492
47702
58037
47582
50406
47842
47442
47732
47822
47441
47682
47732
61773
47712
47772
47502
47722
47651
47482
47702
47762
47482
47722
47692
47531
47691
47771
47501
47692
47722
47502
47642
47742
62855
64998
48403
47682
47702
47812
47472
47782
47762
47482
47732
47872
47462
47682
47782
47441
47712
47762
47482
59610
59871
47922
47893
47752
47561
47622
47682
47522
47602
47672
47551
47622
47732
47452
47632
47712
47511
47601
47672
47452
47572
60100
47461
56626
47932
47532
47672
47732
47462
47712
47681
47421
47652
47662
47481
47601
47732
47482
47702
47732
47512
62244
47912
47582
47722
47832
47472
47672
48062
47762
47682
47882
47482
47662
47832
47472
47682
47852
47431
47662
47883
47481
63616
61713
47802
47762
47832
47472
47722
47752
47462
59489
47982
47602
47692
47762
47502
47712
47702
48172
48213
47692
59910
47782
47902
47512
47682
47762
47532
47682
47802
47481
47691
47701
47511
47662
47732
47512
47642
47782
47511
47732
47792
62634
47782
48292
47581
47632
47792
47432
47662
47772
47482
47641
58558
47532
47742
47722
47802
47662
47722
47442
47661
61172
47742
47772
47873
47481
47682
47712
47462
47662
47792
47411
47671
47823
47882
48533
48193
47431
47662
47762
47452
47632
79750
47642
47762
47762
47521
47682
47802
47452
47652
50616
47462
47742
47692
47421
47652
47762
47452
47732
47702
47502
60581
47883
47551
47681
48684
48012
47682
47772
47521
47672
47772
47482
47682
47712
47461
47672
47732
47442
47652
47782
73100
47712
48043
47572
47732
47862
47492
47682
47882
47441
47691
47813
47481
47702
47892
47521
47742
47892
47842
47672
48102
61633
47853
47922
47442
47712
47792
47481
47732
47812
47501
47662
47792
47442
47692
47752
47431
47671
47833
47511
47722
47792
74723
47712
47983
47501
47682
47742
47562
47632
47742
47482
47722
47752
47521
47762
47772
47511
47722
48313
47832
47672
60752
47542
47762
47842
47452
47762
47872
47332
47672
47782
47361
47682
47782
47362
47682
47852
47441
47731
47842
47371
47712
62795
47722
47772
47692
47462
47622
47802
47451
47651
47742
47461
47602
47712
47421
47651
47682
47432
47602
47752
47461
60652
47742
47502
47712
47702
47471
47632
47732
47422
47612
47782
47461
47651
47762
47462
47672
47722
47391
47621
108083
84537
47691
47992
47392
47681
47802
47521
47752
47823
47441
47722
47772
92970
47922
48073
47531
47641
47792
47461
86561
48623
47491
47752
47802
47382
47672
47782
47341
47652
47712
66270
47832
60772
47662
47722
47772
47501
47642
59580
47522
47702
47772
47461
47652
47652
47472
51197
47902
47581
47662
47782
47492
47702
47762
47502
47591
47752
47451
47652
62294
47732
47752
47752
47431
47652
47712
47442
47691
47701
47501
47592
47752
47522
47762
47772
47461
47642
47722
47442
47902
125329
47612
47732
47822
47442
47692
47772
47451
47712
47793
47601
47712
47732
47432
47682
47702
47421
47651
47772
61943
47932
47922
47502
47772
48773
47621
47661
47662
47462
47662
49014
47752
47712
47712
47491
47631
47672
47482
48062
58869
47522
47732
47812
47502
47742
47772
197938
47892
49074
47762
47652
47762
47442
47672
47722
47421
47612
63195
47662
47692
47812
47471
47641
47712
47502
47652
47762
47542
47632
47932
47642
47682
47972
47452
47662
47992
47592
47642
79320
47561
47711
47772
47371
47692
47742
47462
47662
47812
47432
47641
47752
47431
47642
47712
47402
47682
47752
47521
59930
47993
47631
47701
47792
47511
47612
47722
47522
47642
47702
47521
47681
116035
48703
124808
48563
70947
55804
47972
47501
47572
47672
47431
47631
47742
47402
47792
47722
47442
47642
47681
47401
47602
47692
47481
47581
47742
59931
47902
47952
47622
47792
47752
47512
47681
47711
47471
47682
47652
47462
47692
47652
47511
47672
47712
47502
47702
60181
66680
47701
47932
47422
50195
47812
47501
47662
47712
47462
47662
47752
155875
47963
47922
47512
47652
64026
47532
47642
47802
64788
47712
47862
47432
47651
47772
47481
47642
47722
47462
47642
47762
47491
47712
47782
47442
47702
62434
47592
47722
47762
47532
58448
47852
47572
47692
47802
47652
47722
47842
129185
47732
48022
61622
61743
47802
47592
47702
47812
47471
47751
47782
47481
47682
47742
47442
47732
47752
47522
47702
47812
47471
47751
47812
47491
60031
118419
148283
61783
47973
47571
47681
47691
47571
47712
47772
47421
47712
47682
47502
47982
47952
60741
47832
47932
47492
47672
47712
47482
47742
47732
47451
47722
47672
47462
47712
47672
47411
57948
47892
47612
47772
62494
47672
47682
47641
47491
47652
47662
47442
47681
47742
47481
47712
47732
47472
47692
47702
47461
57997
47752
47462
61973
47842
47601
47692
47712
47472
47772
47692
47472
47742
47792
47441
47742
47762
47451
47722
186621
48263
73441
65238
47741
47712
47882
47511
47691
47731
47461
47722
47762
47492
47662
47902
47502
47682
47852
47492
47681
47782
69164
47802
47843
47271
47732
47772
47301
47711
47842
47321
47732
47752
47251
47721
47752
47321
47722
47812
47372
47702
47772
59369
47902
49885
100010
48072
48092
47552
47722
47672
47542
47702
47742
47501
47702
47722
48133
47672
47982
47442
88533
47862
47572
48242
47721
47601
47712
47782
47502
47722
47692
47462
47712
47742
47481
47722
47762
47561
47702
109455
64337
47782
48072
47732
47622
47682
47632
47602
47752
47582
47581
47793
47611
47612
48033
48052
47592
47742
47562
47622
59690
47782
47682
49675
47552
47612
47722
47441
47601
47682
47432
47552
47742
47471
47602
47732
47512
47572
47712
97867
47862
47912
47562
47642
47752
145809
48023
47962
47552
47632
47702
47401
47622
47792
47462
47642
47722
47441
78629
47732
47392
47601
47671
47311
47662
47722
47391
47591
47772
47292
47632
47662
47361
47622
47692
47361
48193
47722
58879
64968
47842
47561
59710
47721
47581
47622
47742
100171
47822
47952
47482
49404
48073
47421
47581
47752
47542
86350
47873
47592
47552
47752
47491
47622
47732
47442
47602
47762
47511
47622
47772
47482
47602
47692
47521
47893
48002
60241
47632
47902
47382
47541
47702
47392
47471
47721
47611
47602
47682
47422
47561
47792
47441
47622
47752
